Results_avg['Cora_icd'] = np.array([0.44894916, 0.43600372, 0.42108213, 0.40610081, 0.39101721,
       0.37732315, 0.36659745, 0.35784524, 0.34929594, 0.34505288,
       0.34294997, 0.33453385, 0.32908389, 0.32793497, 0.3230252 ,
       0.31992907, 0.31955474, 0.31271803, 0.32222584, 0.31781564,
       0.31288806])


Results_avg['CiteSeer_icd'] = np.array([0.44593556, 0.44918275, 0.44392601, 0.43355569, 0.41992532,
       0.40506516, 0.38109179, 0.35649553, 0.33917606, 0.32534327,
       0.31189647, 0.30644417, 0.29990704, 0.30108078, 0.29413547,
       0.28657473, 0.27953272, 0.27257608, 0.266302  , 0.26140444,
       0.25618113])


Results_avg['PubMed_icd'] = np.array([0.42983843, 0.42488182, 0.4175968 , 0.40914351, 0.40091379,
       0.39228267, 0.38407104, 0.37670728, 0.36103253, 0.35422669,
       0.34677981, 0.34372085, 0.33964342, 0.33429331, 0.32530991,
       0.32141427, 0.31854101, 0.31484211, 0.30979527, 0.30315818,
       0.2981337 ])


Cora_icd_std = np.array([0.00423925, 0.00433492, 0.00423803, 0.00647127, 0.00568826,
       0.00578972, 0.00662896, 0.00799772, 0.00879903, 0.01346159,
       0.01468208, 0.01035125, 0.00927876, 0.0109357 , 0.00902355,
       0.01082203, 0.01615034, 0.01097782, 0.02234474, 0.02266093,
       0.02049565])


CiteSeer_icd_std = np.array([0.00386844, 0.00302055, 0.00360382, 0.00559579, 0.00810761,
       0.01198063, 0.01850689, 0.02738973, 0.03084769, 0.03090205,
       0.03001087, 0.03007133, 0.03026453, 0.03034345, 0.03109632,
       0.03140409, 0.02886321, 0.02707842, 0.02466956, 0.02286972,
       0.02116403])


PubMed_icd_std = np.array([0.00348294, 0.00413957, 0.00563577, 0.00706579, 0.00854263,
       0.0101041 , 0.0137981 , 0.01143376, 0.01338022, 0.0117671 ,
       0.01177003, 0.00864746, 0.01387346, 0.01410679, 0.01626837,
       0.0166125 , 0.01877393, 0.01622379, 0.0143377 , 0.014269  ,
       0.01324055])