#Figure 4a

# No p-reg
avg = {'gcn2': 0.45696218609809874, 'gcn3': 0.41447475254535676, 'gcn4': 0.3654918760061264} 
std = {'gcn2': 0.0008677116672139958, 'gcn3': 0.006176764103304849, 'gcn4': 0.005563727960708383}

# p-reg
# Averages over 10 runs (result for the 21 values of mu)

Results_avg['Cora_icd'] = np.array([0.45705609, 0.44068057, 0.42392568, 0.40580528, 0.38859277,
       0.37349125, 0.35993728, 0.34781604, 0.33772999, 0.3306765 ,
       0.32484859, 0.32162975, 0.31427673, 0.31926355, 0.31653419,
       0.31340207, 0.30856008, 0.30211442, 0.29905992, 0.29792962,
       0.29289907])

Results_avg['CiteSeer_icd'] = np.array([0.44434615, 0.44805755, 0.44585984, 0.43964746, 0.4269895 ,
       0.41119443, 0.39653495, 0.38223248, 0.36351207, 0.33277066,
       0.31746428, 0.30860738, 0.29994913, 0.29073544, 0.28311565,
       0.27703494, 0.27126358, 0.26527361, 0.26160839, 0.25890491,
       0.25536839])

Results_avg['PubMed_icd'] = np.array([0.43056056, 0.42526279, 0.4155225 , 0.40318009, 0.39215625,
       0.38095977, 0.36890268, 0.35579488, 0.34234079, 0.32940814,
       0.32734442, 0.32021845, 0.30937562, 0.29864772, 0.29042885,
       0.2836232 , 0.27781391, 0.27391982, 0.26677971, 0.26211005,
       0.2569183 ])

Cora_icd_std = np.array([0.00171448, 0.0023712 , 0.00269328, 0.00282229, 0.00320627,
       0.0028863 , 0.00299146, 0.00306489, 0.00314836, 0.00561812,
       0.01040725, 0.01143364, 0.01038625, 0.01235185, 0.00897441,
       0.00978077, 0.01054198, 0.01015949, 0.0107618 , 0.01280869,
       0.00627486])

CiteSeer_icd_std = np.array([0.00177197, 0.00102624, 0.00098925, 0.00145051, 0.00396101,
       0.00465231, 0.00518975, 0.0060058 , 0.00991378, 0.01712655,
       0.01708478, 0.01861667, 0.01587157, 0.01519512, 0.01423782,
       0.01341638, 0.01351745, 0.01290787, 0.01268725, 0.01262083,
       0.01111641])